[/usr/share/plasma/desktoptheme/default/dialogs/background.svgz]
10083833119468842227=0,30,4,4
10679856658410446388=63,48,32,16
11127380586522755012=151,16,6,32
11967544223435130451=47,16,16,32
12063567884581661373=0,30,9.9999999e-09,4
12849410169357196306=95,48,16,16
13231630788723270792=20,10,4,4
13472260229691985743=47,29,10,2
13859446256983848808=47,0,16,16
14206639780843902208=76,54,2,10
15500959864062859551=113,16,6,32
15572708697626236289=20,50,4,4
16159376466897813265=63,0,32,16
16230353414333491107=6,16,32,32
16328085350232400450=20,10,4,1.000000082740371e-08
16581340452446465566=47,48,16,16
16809632436417977199=119,16,32,32
17067175522077242998=6,48,32,6
17107891117156950325=0,48,6,6
17481046289762914652=0,10,6,6
18414054989796011627=151,10,6,6
2429263486349952082=0,0,5,5
2667576410514057738=38,16,6,32
3004897328149739153=0,16,6,32
4207158046191340881=101,33,10,2
4916997966491060178=119,10,31.999989999999997,6.000021
4941597118515865156=38,48,6,6
5388011826018542828=151,48,6,6
5787017350904662475=95,0,16,16
6135991728812714612=44,30,1.000000082740371e-08,4
6663485219737934190=119,47.9999785,32.00000800000001,6.000021500000003
6880222021626855808=20,54,4,1.000000082740371e-08
7217451556780437314=76,0,2,10
7465430889737539924=113,10,6,6
8006750468053562809=6,10,32,6
825434729240219523=38,10,6,6
8412822144650112123=113,48,6,6
8750624970628841570=95,16,16,32
9431138847289529941=40,30,4,4
Invalidelements=2400838427,285345294,2969211490,979118748,3811090271,636451325,62825513,1240654407,3595234619,123919809,2282092109,4015226210,2253899388,932978699,3930650136
LastModified=1716363789
NaturalSize=157,64

[/usr/share/plasma/desktoptheme/default/solid/widgets/panel-background.svgz]
10010448278705470179=6,10,32,6
1019984794709900121=0,30,4,4
10318769077044335237=101,33,10,2
10366255499333486003=44,30,1.000000082740371e-08,4
10395247568907319134=38,16,6,32
12372974294361960211=47,16,16,32
13025211564213173925=95,0,16,16
13204729475166936337=0,10,6,6
14670435113561111643=63,48,32,16
14802178914921796456=20,10,4,4
14949483100763067442=20,10,4,9.99999905104687e-09
15044366765754563775=95,48,16,16
15830302154906221736=0,16,6,32
16028567982122838008=0,0,5,5
16283844750585318254=63,0,32,16
16474002406870093521=0,48,6,6
18422767246983397622=38,48,6,6
18425429497411699467=38,10,6,6
2569567806879200059=80,0,2,10
2930398422962800957=101,29,10,2
3010051408310029426=47,48,16,16
3272311961198902487=6,16,32,32
358603182681482150=80,54,2,10
4026296728325886704=40,30,4,4
413294443157505924=95,16,16,32
4901836654738344122=20,50,4,4
6736839155386250583=20,54,4,1.000000082740371e-08
7670461837568270241=47,0,16,16
8723149579991952893=47,33,10,2
8817712015836373074=47,29,10,2
9497267182137857947=0,30,9.9999999e-09,4
9657361465305651486=76,0,2,10
9670198613106484562=6,48,32,6
9810952390399561709=63,16,32,32
9867204554603928559=76,54,2,10
Invalidelements=3961888580,1163953977,785808920,1634162207,1398408174,1857557207,2275984158,2161085275,3204553375,2262443692
LastModified=1716363789
NaturalSize=157,64

[/usr/share/plasma/desktoptheme/default/solid/widgets/tooltip.svgz]
10423270599809626793=47,29,10,2
12166057779313027945=38,16,6,32
1276811083275438095=20,54,4,1.000000082740371e-08
13516596257087481433=101,29,10,2
13644722828723785490=40,30,4,4
14368470350888459083=63,16,32,32
14382069668034846081=0,30,9.9999999e-09,4
14685308207177341703=6,48,32,6
14949844639803316543=47,33,10,2
15765492033533944118=20,50,4,4
16576633373895994841=6,10,32,6
18338937083714345419=95,16,16,32
1881845030116037693=47,16,16,32
2035944090204908056=44,30,1.000000082740371e-08,4
2320770594117951352=80,0,2,10
3093748296473159769=0,0,5,5
4397622253793275574=20,10,4,9.99999905104687e-09
5358841958394666703=0,30,4,4
6733325641975784649=80,54,2,10
6833851056343594317=76,0,2,10
7272529336874979516=20,10,4,4
7638730655333684785=63,48,32,16
7907371711758057160=0,16,6,32
8369474772419735673=76,54,2,10
8386861351947337600=63,0,32,16
9011296267674146024=101,33,10,2
Invalidelements=4235617323,268457443,2783314244,2946981592,2306712566,1795361620,3136914175,1902080529
LastModified=1716363789
NaturalSize=157,64

[/usr/share/plasma/desktoptheme/default/widgets/arrows.svgz]
1823183571545033206=15.000004000000002,30.000002999999992,13.999992999999998,13.999995000000013
LastModified=1716363789
NaturalSize=44,44

[/usr/share/plasma/desktoptheme/default/widgets/background.svgz]
10009117973844277576=13.00001200692786,63.00000000000003,32.00045319307214,11.999799999999993
11871991648568554941=43,44,14,4
1317276465441958489=49,49,8,4
135701521716285261=1,44.062355,14,4
15135342546236450141=45.000465000000005,30.999396500000046,11.999541999999991,32.000591269239976
15598723866150139612=34,19,4,8
2183534922291077883=13.00001199313462,19,32.00045120686538,11.999400000000009
3852413377983670897=5,8.625,5,4.375
4183428202987444198=1.00000399999999,30.999396500000046,12.000001999999995,32.000591269239976
4975411237729635223=28,61,4,14
5450065788876232483=34,67,4,8
8287774965233621081=28,19,4,14
9495070683374048251=1,49,8,4
Invalidelements=3592214545,2959925352,3157638450,2552307335
LastModified=1716363789
NaturalSize=148,148

[/usr/share/plasma/desktoptheme/default/widgets/bar_meter_horizontal.svgz]
10151272068516336597=4,6,3,3
10163006102311594720=19,6,3,3
10337662269222199598=8,6,3,3
10494042889838293105=15,6,3,3
10958381113473077093=15,14,3,3
11220473765908200347=15,10,3,3
11689754648599353926=8,10,3,3
13259842028472019619=4,14,3,3
14295338990403370177=11,14,3,3
1736252629653647498=8,14,3,3
17584239867519224943=11,10,3,3
17770842856567867993=19,10,3,3
3638759608814936586=0,10,3,3
412259480454907477=0,14,3,3
5682388051834966060=4,10,3,3
6233701265986404196=6,0,6,6
6313041490514689368=11,6,3,3
7102929537130154280=19,14,3,3
8583788918309383906=0,6,3,3
8731862178900546469=0,2,4,4
Invalidelements=231312380,3690593170,3294026540,2156672100,2362011775,1556195440,1477682352,1592228399,1646038051,4151350498,1707842945,458966893,3917879934,3095828309,1043296127,1072014697,1774299167,2568248553,1205124435,820581151,2582446228,709613089,863370460,1850870549,1405755947,1946884294,1517420100,3036796057,1208383066,3665506270,3894657135,493138941,1050113095,423622309,3551773569,897752173,87221549,2868445872,2359256147
LastModified=1716363789
NaturalSize=22,17

[/usr/share/plasma/desktoptheme/default/widgets/busywidget.svgz]
11519264299972311563=58.472801,281.12497,4.233333600000002,4.23333359999998
147823992608561128=-3.600000010317572e-07,0,35.983334,35.98333400000001
2294277639570756562=51.329166,279.53748,5.820833700000001,5.82083369999998
LastModified=1716363789
NaturalSize=136,136
busywidget=6x6,4x4,6x6,4x4,

[/usr/share/plasma/desktoptheme/default/widgets/button.svgz]
1016118857317811632=205,30,4.5,22
10858144460744236525=190,24,2,1.0000000010279564e-06
1111421138880185063=236,167,5,5
1164263274014581477=238,129,3,3
11655046412501977866=265,167,5,5
11787167660277324009=172.5,24,4.5,4.5
1242850340980039467=238,205,3,3
12687615469416879574=180,24,22,4.5
12855579125392656895=265,102,3,3
13397812464266837611=190,58,2,3
1345332420973865887=205,24,4.5,4.5
14329878746145890277=242,138,22,5
14381497055938744712=242,102,22,3
14568153023044380156=265,182,3,22
14896446950980305293=265,178,3,3
15100066977744995473=242,205,22,3
15854501305815894437=238,116,4,2
16603386265347826561=265,205,3,3
16782549876181823711=242,129,22,3
17033094121055064434=172.5,56.5,4.5,4.5
1705486770595377967=268,154,2,2
17505219867516966995=264,192,4,2
17908124481989902415=238,192,4,2
17968605938494485342=238,182,3,22
2148853624855757851=242,178,22,3
2207159430705704441=242,106,22,22
2319521964938643058=236,138,5,5
2712411177233630838=180,30,22,22
3043337756286526284=172.5,30,4.5,22
3137543283439379063=172.5,40,1.5000001299999894,2
3281678138498710901=236,144,5,22
3341979270569816714=252,178,2,4
3938694363421873720=265,138,5,5
4294750595620287278=242,144,22,22
442279464872213110=242,167,22,5
4647860447086450756=252,128,2,4
4659100749178975861=252,170,2,2
4796925967131989058=264,116,4,2
5018072632660024507=265,106,3,22
5098206221483129245=242,182,22,22
522258386538802176=238,102,3,3
5342312444174310807=236,154,2,2
5855618789963521672=205,56.5,4.5,4.5
5917632774237979140=207.99999996,40,1.5000000400000033,2
5966887751983130421=252,138,2,2
7860325421959536122=252,204,2,4
8025611993388445457=265,144,5,22
8286511944482706007=238,178,3,3
8825803393688134106=265,129,3,3
8919835388571164844=180,56.49999999999999,22,4.5
8936764053291268251=238,106,3,22
9290872998291079192=252,102,2,4
Invalidelements=165045762,2032169688,1359250430,2974025828,566676142,3455785606,1208310650,2678723672,2802371306,3536245149,627083807,1366141728,1947710469,3645422311,998775402,2436493092,1546552906,1846582821,508558347,2155684743,2088031340,2785387733,3510520149,3325163088,3836804715,2182721815,707654012,3514787068,2388019614,1630729084,2324320131,611963904,1512395867,1720768336,3344138155,4090651416,823580683,4120939378,590155486,3303900003,634857852,3132501323,2695615394,3526451937,2237449876,2700099487,2341726798,2047829642,2852026865,1664622975,594567919,1935440179
LastModified=1716363789
NaturalSize=288,224

[/usr/share/plasma/desktoptheme/default/widgets/line.svgz]
16589323938786504474=0,0,1,1
2217898798051510266=2,0,1,1
LastModified=1716363789
NaturalSize=3,1

[/usr/share/plasma/desktoptheme/default/widgets/lineedit.svgz]
10477553801657684829=40,70,2,0.0010000000474974513
10768024712499200481=0,0,3,3
11025766581336240820=77,27,3,3
12086799555887424372=40,0,2,6
13570531075672671053=-0.0010000000475,54,0.0010000000475,2
13877173446296002482=0,3.0000000000400036,3,24.00000000006
13923127973481983755=77.0000000011,42.99999999984,3,24.00000000006
15269299031570432058=0,42.99999999984,3,24.00000000006
15873432517464313071=-9.999894245993346e-10,80,3,3
15992286927747827994=6,6,68,18
16040800530959002337=77,107,3,3
16390918746408544714=3.0000000013500028,40,74.00000000000999,3
16557562370610655725=0,-4,2.03293180466,2.07712602615
16587618815555384651=40,39.9990005493,2,0.0010000000474974513
16955993418241603628=77,67,3,3
16986190872914221482=40,110,2,0.0010000000474974513
17887421105316498280=-9.999894245993346e-10,107.0000000001,3,3
18121963266937351619=80,94,0.0010000000474974513,2
1932659944127771243=9e-10,14,6,1.99999988079
2594630547008466364=3.0000000013500028,0,74.00000000000999,3
2863193926660787524=3.000000000349999,27.000000000100002,74.00000000000999,3
3188461426289007350=77.00000000099999,0,3,3
3472732400312098503=40,79.9990005493,2,0.0010000000474974513
3552566583245401510=4,-4,2.0329318046600005,2.07712602615
3567331254463446627=77.00000000099999,40,3,3
3970092483226858418=0,27.000000000100002,3,3
5065439743864920667=6,46,68,18
507026061245902826=3.000000000349999,67.0000000001,74.00000000000999,3
5347949421476385971=77,80,3,3
5370498658019916400=74,14,6,2
5965703799999129206=0,67.0000000001,3,3
6725471716871125345=-0.0010000000475,94,0.0010000000475,2
7309694557294406822=-5.000018177270249e-10,82.99999999984,3,24.00000000006
8171186627160575734=80,54,0.0010000000474974513,2
8502996295782012758=77.0000000011,3.0000000000400036,3,24.00000000006
8952022862758622800=3.000000000349999,107.0000000001,74.00000000000999,3
9679376560068704949=0,40,3,3
9681612645770891530=3.000000000349999,80,74.00000000000999,3
9699172410471010800=40,24,2,6
9784530570593901813=6,86,68,18
9966652803535504316=77.00000000040001,82.99999999984,3,24.00000000006
Invalidelements=993856430,1762701203,1480417303,1016091765,2710478447,2284054057,3551912664,4004829533,118572808,2785654217,2127686169,3273728406,615382486,1778961218,3338332056,2434478693,263961431,2314935876,3294782457,3671950577,2747748378,3305309750,2351359713,3712165227,1153417917,2835234615,453369674,1399995274,392441383,4153630618,3553336877,1244252409,595938651,4009784486,1382219440,3509322382,2578569179,1656725029,1440570495
LastModified=1716363789
NaturalSize=80,30

[/usr/share/plasma/desktoptheme/default/widgets/listitem.svgz]
11444380098008270780=28,44,2,6
13004491937349493414=23.999959999999998,51.00000022222222,11.00126257523478,2.0003447777777836
13316926665686255376=-10,-10,2.0329318,2.077126
13742884009751570792=22.000002222222214,53.00033500000001,2.000297777777785,11
14321433373032827689=29,67,2,6
15944808235230434465=24,64,11,2
3886010084483473559=35,53.000345,2.000296888888883,11.000000000000007
4145659576075183657=17,58,6,2
9073164708759064522=38,58,6,2
9117672123266753637=24,53.000345,10.999999000000003,11.000000000000007
Invalidelements=1425312581,4262762129,2731719151,2382919802,1677801220,4162575848,1008939985,3594223597,1590490078,1355454408,1636092688,1938711242,585274546,2312540717,1112512599,2352686082,3287623576,1709307133,4172959114,2895297378,1270235915,1788751797,1291862442
LastModified=1716363789
NaturalSize=128,300

[/usr/share/plasma/desktoptheme/default/widgets/margins-highlight.svgz]
14921236705913706756=1,1.0125199999999381,4,4
3499061501843941786=1,5.012520000000109,4,4
6872545089332187599=10.029290000000003,1,4,4
8848718768501333568=5.000000000000057,1.012519999999995,4,4
Invalidelements=2853698495,9162207,290604872,927306412
LastModified=1716363789
NaturalSize=15,10

[/usr/share/plasma/desktoptheme/default/widgets/menubaritem.svgz]
10062605082274083301=68,16,6,2
10224131483764277963=0,0,2,2
110911621112217672=110,0,2,2
11750354879957563836=78,0,2,2
11755184094579495896=16,28,2,6
11823370550663780009=94,28,2,6
11930596717398091929=40,32,2,2
12370217467389137671=84,6,22,22
12531856637094272776=40,16,6,2
12708595341735114212=6,0,22,2
13190913215914376202=46,6,22,22
13261145973625332457=78,32,2,2
13585619011481773370=72,6,2,22
13719845051817765812=46,0,22,2
15324052997793287452=6,32,22,2
15411621150036010855=32,32,2,2
17127541481759464729=94,0,2,6
17664432374508970740=6,6,22,22
1874508835853427141=16,0,2,6
2257190802297163708=46,32,22,2
2263402098572183734=40,0,2,2
2329867072157644017=78,6,2,22
2639357871536039683=32,6,2,22
2883215795064219431=72,0,2,2
3043660542818609089=106,16,6,2
3308119189141886533=78,16,6,2
3490945939242712705=0,6,2,22
438742847828038152=56,0,2,6
5121284618667872731=110,6,2,22
6213225992165256054=28,16,6,2
6324780327066347372=56,28,2,6
718078397417826855=84,32,22,2
7269787134349565758=72,32,2,2
7436356562683348335=0,32,2,2
7561993695003888094=40,6,2,22
8134362181450951157=84,0,22,2
8718574745143170032=110,32,2,2
9442819316901826823=32,0,2,2
9776086444239364738=0,16,6,2
Invalidelements=3693898178,1720320203,1269353700,219726170,2262143337,2610560948,724982848,2253346557,4046186693,3676555617,3662665358,3099213191,876996055,3122765898,3720174206,3352635623,2995218818,2145778050,311968083,243105450,2323914036,2414885298,1931496506,3376072960,2744655337,4187916427,140985511,666404150,1626725282,285660012,2089922465,2188089692,1279524446,2139187582,2823714593,1603996963,3833564736,1378993330,3491780707,3177392519,3375423471,2404023208,2299559272
LastModified=1716363789
NaturalSize=112,34

[/usr/share/plasma/desktoptheme/default/widgets/panel-background.svgz]
10498193108163105667=20,50,4,4
10875836870185947887=95,16,16,32
11137269929107256391=38,48,6,6
12007317287031378249=44,30,1.000000082740371e-08,4
12275733518379614157=12,95,8,4
12297013037344094768=39,105,4,8
12405641602410066256=38,69,4,8
13149673082864795407=113,10,6,6
13246253295628359282=48,95,8,4
13269274758941534282=38,16,6,32
13294551613222883996=63,48,32,16
13365517442127753425=19,75,32,32
14656817016555859975=47,48,16,16
15042539628587898167=20,10,4,9.99999905104687e-09
15422265552672344954=20,54,4,1.000000082740371e-08
15472750572455179630=113,16,6,32
15714272145732421419=119,16,32,32
15993178938887493437=101,33,10,2
16466210726381028818=47,0,16,16
16808014891664180719=0,48,6,6
16951199573390471369=0,0,5,5
1740762348983390942=119,47.9999785,32.00000800000001,6.000021500000003
18010280153076930922=95,48,16,16
18064323497135393063=151,10,6,6
2437409885084877458=113,48,6,6
2524611340225952612=76,54,2,10
3038700565389951753=6,16,32,32
306776058000115326=20,10,4,4
414143048897536112=40,30,4,4
4384669395314607168=47,29,10,2
5216289722711000025=119,10,31.999989999999997,6.000021
5359693801934419911=151,48,6,6
5615926847176190878=6,10,32,6
5974812818925155584=0,30,9.9999999e-09,4
6476274496452741869=76,0,2,10
6738538684684012199=95,0,16,16
6995018825371167594=47,16,16,32
7055248271249346685=38,10,6,6
7450132242514909871=0,30,4,4
7765670936190618366=0,16,6,32
7808148574628251229=63,0,32,16
7883183252677203269=6,48,32,6
9043236842515292419=151,16,6,32
9300905198256924052=0,10,6,6
Invalidelements=1802214266,3231487949,155627725,2382663913,3557876281,1885127474,530527693,3268692701,3952591356,3634542775,3638562381,3271030278,3675313645,2136497948,1220893243,653499557,3111789511,3099872234,45196051,222863628,2540670118,3292323938,1467617130,256093127,3426870921,1219660900,2820545448,712190312,2744177575,1108051210,90423501,3502813675,1159562193,3630183789
LastModified=1716363789
NaturalSize=157,64

[/usr/share/plasma/desktoptheme/default/widgets/plasmoidheading.svgz]
10257752100399231421=51,44,6,6
11808861295604345028=13,12,6,32
12395691432269190657=99,12,6,32
1262045864044334627=-7,-7,5,5
1289189821756818507=61,44,6,6
13444683089695467529=61,6,6,6
14771931729833233415=19,6,32,6
14836811959608143049=67,44,32,6
15292950319304925074=51,12,6,32
1630117013907340434=19,44,32,6
16634335581096963014=19,12,32,32
16939620030814740197=51,6,6,6
1991626541206921785=99,44,6,6
3619918604487969667=99,6,6,6
6490670434930508315=13,44,6,6
690925196202535566=61,12,6,32
7387280019036176772=13,6,6,6
7476642129281055490=67,6,32,6
7810281389414779321=67,12,32,32
Invalidelements=1107909084,2786444939,2224650409,1333520495,16278756,3081626404,770935771,170034346,4133031533,3245576235,3810167423,2892167632,35500242,3360267708,1910913322,3028523199,1158282698,3757890320,811272150,3432842286,2789694954,346584573,1009068833,2432625121,4287676982,635256760
LastModified=1716363789
NaturalSize=173,56

[/usr/share/plasma/desktoptheme/default/widgets/scrollbar.svgz]
10377110620362390757=31,6,3,3
11184893096734394312=14,14,3,3
11711241904893140575=10,6,3,3
11933979982607009871=35,39,3,3
12319148205082943500=6,6,3,3
12349380527589152581=0,10,6,3
12850977514979998937=42,35,6,3
13283868978727507986=6,10,3,3
13295697080165635854=35,14,3,3
14007955798131459967=35,42,3,6
14449685060243099825=31,10,3,3
14676667465404437438=39,10,3,3
14679830367996418856=39,39,3,3
15193796478311954563=35,31,3,3
15398638792482453557=10,17,3,6
15464121764020407386=10,10,3,3
15570727255104788358=6,14,3,3
15628404060335872812=31,14,3,3
15799863916557899027=14,10,3,3
16396505729165005110=35,17,3,6
2056073702207196227=39,31,3,3
2180497085490483217=35,35,3,3
2598970996854267666=39,6,3,3
3240403167074146030=35,10,3,3
3644541919952152794=14,6,3,3
4064227820872768807=39,35,3,3
5029647573059872522=52,4,6,6
5334107440902282585=-32.8756103516,46.7764358521,2,2
5444649740393652570=35,25,3,6
5492901229886027493=42,10,6,3
5738099438325343016=31,39,3,3
580161482168220707=31,31,3,3
6043768034179316868=35,6,3,3
7052759702636830740=17,10,6,3
736943722077787567=31,35,3,3
7411467079869435340=25,10,6,3
7892947123999420806=39,14,3,3
877413586613585432=10,0,3,6
9088057665589237312=46,-2,2,2
9342524961852558161=25,35,6,3
9419719349328450791=35,0,3,6
9898401124001837555=10,14,3,3
Invalidelements=2823474321,3681610813,3794264975,2532952325,71563846,1702629307,1351489511,1963176979,4143277984,2260110432,3331800702,2882252703,370999721,939910553,2521752577,2733279061,1053839496,2716990951,4280365666,4087866164,2273003458,1748802557,4050247034,2034692074,3633960019,2486202693,2358989240,3708432956,1697921678,3724741698,3236964449
LastModified=1716363789
NaturalSize=48,48

[/usr/share/plasma/desktoptheme/default/widgets/switch.svgz]
15806685146375323750=19.000000149999998,-9.999999761589606e-08,7.999999949999999,16.000000199999995
15946524183939236475=7,18,38,16
16501200594789846592=0,7.0100002,4,4
18421130896492916392=70.3846155,33.384614699999986,28.000000599999993,28.000000600000007
392185469849529789=29.999999900000002,0.009999900000002171,7.999999949999999,15.990000199999995
5772971770247857167=1,36,22,22
7320502886198496135=14,-9.999999761589606e-08,5,16.000000199999995
7947066286128718436=38,0.009999900000002171,5,15.990000199999995
9910716019417659564=52,8,26,26
9961158434638660326=43.00000015,0.009999900000002171,7.999999949999996,15.990000199999995
9978708665871290074=5.999999900000002,-9.999999761589606e-08,8.000000049999999,16.000000199999995
Invalidelements=1972016161,1746964290,3999100732,525798692,3815806215,2874780935,2001766100,1802511028,2528213316,1580146489,3401807215,2603395881,1878106825,31917413,3411404254,2543423010,1636714799,3797637000,3982350241,3113436187,1669290684,3550038191,1402703995,1958034643,1716255721,573539138,2323886196,4110272186,445610528,4069487224,32635906,2475596777,1801393079,2576758155,858500660,3653731630,546131557,2627608365,4168732442,655423631,957828233,2065776377,2689895101,2752214112,1105671446,3539435547,1383932137,1417250141,3799384734,3433758063,351876438
LastModified=1716363789
NaturalSize=51,59

[/usr/share/plasma/desktoptheme/default/widgets/tabbar.svgz]
10256620010247898046=420.41531,276.06082,4,80
10904479987751211398=367,218.36218,6,5
11321063817377720582=363,214.36218,10,12
11649986579418570672=266,446.36215,10,4
1199506429934761892=320.241241455,446.3621521,5,10
12014552000170183217=363,227.36218,10,3.000005200000004
12212882309468077060=273,227.36217000000002,10,3.0000051999999755
12226031186916463030=411.41531,360.06082,5,6
12712768197019986002=283,214.362182617,80,20
13047729985519534484=363,210.36218,10,4
13091961425462189963=404.41531,306.81958,8,5
14571128793695464179=266.00001,431.36216,10,3.0000051999999755
14666365585230685378=404.4150048,356.36217,3.0000051999999755,10.000009999999975
15119752835453831774=360,437.36215,6,5
16131128839475923675=411.41531,266.06082,5,6
16229092303206902823=320.241241455,431.3621521,5,10
16244228935586077654=-233.82362,467.12659,41.362885000000006,41.12067000000002
16479038009995410196=273,218.36218,6,5
16620209223893255813=408.41531,266.06082,12,10
16751651726481970097=356,446.36215,10,4
16848121910519853285=420.41531,266.06082,4,10
17305157214570456914=273,214.36218,10,12
17732727907520168175=313.758758545,220.362182617,5,10
18087240946384710771=356,431.36216,10.000009999999975,3.0000051999999755
2254488892425150794=276,446.36215,80,4
274131308067170091=356,434.36215,10,12
3154516858784119966=283,210.36218,80,4
3724490580237299362=266,437.36215,6,5
3873876927210326657=266,434.36215,10,12
3911506913993248176=404.4150048,266.36217999999997,3.0000051999999755,10
4313867892201267093=276.00001,431.36216,80,3
445104615135637569=276,434.36215,80,12
5300286159583378947=273,210.36218,10,4
5609128157184482296=283,227.36217000000002,80,3
6717612419198897018=408.41531,356.06082,12,10
6998112044372409286=420.41531,356.06082,4,10
7520832074782394558=420.41531,306.81958,4,5
7666927788280107490=408.41531,276.06082,12,80
9043001290204043998=404.41501,276.36217999999997,3,80
916732117376112362=313.758758545,210.362182617,5,10
Invalidelements=1980732491,3227022207,3281343063,143629026,838223277,3885802613,3471690020,3137390427,359719256,945243197,2722227983,394414237,1789779852,1927121603,2883088694,3323608596,3868554190,172444692,1593431912,3913118858,3345267905,4239649817,1321802721,3788355984,1215997304,101847940,496366428,3192274266,555025944,3098846670,2492674488,2598348136,1178241382,4249690993,1804774551,3566093211,3494670835,1985342352,1891150840,4286841562,109652850
LastModified=1716363789
NaturalSize=744,1052

[/usr/share/plasma/desktoptheme/default/widgets/tasks.svgz]
11647066017461034197=111.9999989066516,46.999998164999994,28.00000120588001,11.000000050000004
12888168032906738154=140,57.999999,3,4
13499853196519227339=109,46.999997750000006,3,11.000000049999997
13593695250249447354=109,25.999998749999996,3,11.000000050000004
13710192578698764376=111.99998310919679,37,28.000017044531205,4
14806185220649775590=108.99999999999399,22,3.0000039999959967,4
15380896799333853680=178.00000040000003,110.00000024444182,10.999999799999955,10.999999800005142
2584751474226277456=140,37,3,4
353148896875511061=140,25.999997200000003,3,11.000000049999997
3701310844725188865=111.9999989066516,25.999999165000002,28.00000120588001,11.00000005
3730118499683382035=140,21.999999000000003,3,4
3733977769879597705=109.00000049998901,57.999998,2.9999965000009894,4
461178815131596741=109.00000049998901,36.999999,2.9999965000009894,4
5261662793722633608=111.9999996936704,42.999992,28.0000030446336,4.000008000000001
7450812320095048853=111.9999996936704,21.999992999999996,28.0000030446336,4.000008000000001
7817520624171464930=111.99998310919679,57.999999,28.000017044531205,4
8079446210753489443=140,42.999998000000005,3,4
8489919183245473740=140,46.9999962,3,11.000000050000004
9990677692222550546=108.99999999999399,42.999999,3.0000039999959967,4
Invalidelements=1165696100,3487065303,3560406269,1849943721,189430165,2961071848,3190512082,2456699557,4002887986,2505567534,3531407503,1456397411,121730155,4013849631,1082821875,701580625,604290205,1445634031,649187090,3319464735,539012301,452908381,2139144754,3189856657,4212340633,3835375957,3047084474,1888689081,1933504405
LastModified=1716363789
NaturalSize=144,126

[/usr/share/plasma/desktoptheme/default/widgets/tooltip.svgz]
10009576270598560551=63,0,32,16
10809003318372812333=20,54,4,1.000000082740371e-08
12239777006532066568=20,10,4,4
12732633520561158472=47,0,16,16
1300378343661206784=20,50,4,4
13172228468077554734=76,0,2,10
13199521604927916428=76,54,2,10
1379088814228683082=20,10,4,9.99999905104687e-09
15534303727289028317=40,30,4,4
16516574888359422160=0,30,4,4
17432395141465259286=0,0,5,5
17609859057140389706=44,30,1.000000082740371e-08,4
1797107147173468743=38,16,6,32
2485366969849513915=6,10,32,6
2489926335264272403=95,16,16,32
2688443275678067844=47,29,10,2
270720063848995969=47,48,16,16
321731022295759932=0,16,6,32
3947122986336212171=95,48,16,16
4267159048907325768=63,48,32,16
4461473128882736327=6,48,32,6
5398920506180192330=101,33,10,2
6156088827782253034=47,16,16,32
7133472955478026807=0,30,9.9999999e-09,4
8320671585488568714=95,0,16,16
Invalidelements=2460572321,2754592490,3990142849,3056811927
LastModified=1716363789
NaturalSize=157,64

[/usr/share/plasma/desktoptheme/default/widgets/viewitem.svgz]
1096566978345665237=93.00001000000003,93.46837075710414,4,48.00002719999975
12000698116722105077=150,93.26324,48,48
12091642436086636675=49.928560000000004,-90.32326999999998,40,40
13186245630002355432=149.99999996406558,141.26316000000008,48.02159224000002,4
13590265210551764259=41,93.45249462040033,4,48.015719999999874
13895425556438290079=146,93.2473946204002,4,48.015719999999874
14205835328172000974=45,93.46828000000005,48,48
14527235207980352278=45.00000096406558,141.46856000000014,48.02159224000002,4.000299999999925
14974611255674123238=149.98999679593442,89.26325999999995,48.02159224000002,4
15384953665706110015=41,89.45302000000004,4,4.014979999999923
15477513117042468748=93.00000000000006,89.46800000000007,4,4.000299999999925
16315938867068877160=93.00001,141.46839999999997,4,4.014979999999923
16718904407644411435=146,89.24743999999987,4,4
18383752064493564566=198.00000999999997,141.26330000000007,4,4
2904820846173000554=41,141.46826,4,4.000299999999925
3090821944076734390=146,141.26326000000006,4,4
4426952084422212482=44.98999679593439,89.46800000000007,48.02159224000002,4.000299999999925
8875606485261039609=198,89.26325999999995,4,4
9117947744036651080=198.00000999999997,93.26327075710401,4,48.00002719999975
Invalidelements=3003014537,3392811980,2653567619,2754219984,2111434860,2357176336,2197607748,3505399688,3295551199,470778295,2470613696,3933373107,2010445315,283771904,2960992970,1748735437,2667200009,34158875,2797710343,2876774829,409403335,1777627378,1780933764,1460120509,954879389,887744769,3602899535,1928490214,3241834969,2154237023,1531944787,4083594673,4267607189,4176096529,2873529128,446006861,3184913920,2760832683,2770676645
LastModified=1716363789
NaturalSize=257,161
